(778,0.2907496299637221)
(386,0.3546073873524069)
(454,0.32932643163215675)
(772,1.223533310670455)
(324,0.5696391801520178)
(180,2.109185391544987)
(320,1.3699721873530917)
(752,0.2615944351425339)
(408,1.215250724025967)
(586,0.785634517270558)
(428,0.8436227828067936)
(986,0.2753930540860201)
(996,0.21151206644771592)
(464,1.408487884502357)
(346,0.7892935764315213)
(14,1.7040476121673231)
(466,1.5274580306970549)
(24,1.0212363841067547)
(520,1.3629553892424986)
(912,0.24206320185087923)
(302,0.7640584983566515)
(146,0.5570085498942705)
(140,1.1745576326001137)
(204,0.9002334460526614)
(514,0.6187876950594438)
(390,0.9343695637320858)
(226,1.3065617969383407)
(934,0.28349497839329585)
(318,1.3980660405382503)
(956,0.6123533012698907)
(12,1.640040972641186)
(576,0.6066468438962341)
(810,0.2855008676815895)
(228,0.6583904439388223)
(712,0.4075078531503973)
(628,2.302874068543353)
(94,1.2487951509714188)
(452,1.2474715341348965)
(192,0.7996628632964761)
(450,1.7833837265922419)
(160,6.769787839804866)
(492,0.7482266631836584)
(512,0.3023654908295751)
(954,0.35502433848048687)
(992,0.31930215078963936)
(420,3.217461872791294)
(366,2.400440389844557)
(22,0.5617701632917621)
(460,1.3550345705309648)
(350,0.8008007667035988)
(548,0.6752610200254785)
(646,1.624624234798833)
(808,1.223533310670455)
(758,0.9754811874820999)
(842,0.22862202738031961)
(528,0.42204711861062844)
(696,0.38651722689256973)
(626,0.20484228879157249)
(40,1.675565378386692)
(558,0.6774105363595383)
(434,4.210974294218605)
(58,2.8207025320626635)
(136,0.9328142770279134)
(590,1.0129674252056078)
(944,0.18363404221447008)
(878,0.2868460546210799)
(196,0.7406072885206217)
(636,1.3591736331589288)
(96,3.1022073653553797)
(338,1.4752170321144236)
(784,1.352734221358196)
(524,0.18363404221447008)
(848,0.27056901946938616)
(698,0.7371367011924553)
(962,0.4038799754553102)
(918,0.755067820743889)
(216,0.8944404033774935)
(292,1.0915160697738868)
(98,1.1633757623737842)
(884,1.3778098287122886)
(30,1.7841753348804963)
(246,0.586366692226354)
(754,0.9715288924438442)
(92,1.3215187685237293)
(814,0.29631446617669216)
(266,0.8989907656169307)
(344,0.5970391285616384)
(834,0.20451822683401522)
(664,0.424282855505285)
(252,2.1727947912144825)
(72,0.48246236972815776)
(988,0.2264677517173727)
(688,0.2112830027416088)
(736,0.5056387471969349)
(78,0.8334412523110147)
(144,0.4302369081504804)
(652,0.2965231612751898)
(494,2.459191608359389)
(506,1.9475863999090137)
(854,0.33018124361995305)
(84,1.6068390438097446)
(122,0.8466552885697718)
(592,1.1545928380553439)
(404,2.1020230603340075)
(782,0.24774667812021917)
(76,0.7768490018306827)
(470,0.818535536606591)
(326,1.0936363716764588)
(968,1.6986603777222808)
(836,0.7309905485239805)
(310,0.7551228912500868)
(430,1.3739926553223825)
(740,0.21657942309644376)
(774,0.20588791587050095)
(208,1.5481329602205103)
(436,0.2560185472033716)
(902,0.2083377874045157)
(124,1.3450577332978706)
(164,1.263561287909224)
(794,0.2538989511194622)
(438,2.4703113451330214)
(984,0.24569246434834544)
(804,0.5259193253598082)
(948,0.21182852424018425)
(8,1.2392598230023253)
(174,1.7399248349033043)
(372,0.7587140722774095)
(734,0.5114326840259321)
(536,0.550603422228859)
(786,0.3107887394926688)
(602,0.8593702412598864)
(34,0.925594164394056)
(820,3.1062525374171654)
(4,2.44042103108469)
(474,1.9621048407410548)
(150,1.0821785888599056)
(600,0.5096910482640584)
(892,0.5927179536251445)
(650,0.21288241566746996)
(672,0.6441527324260509)
(682,0.3126982778802602)
(910,0.19618877692095624)
(152,1.9184129463727975)
(368,1.5096202716918798)
(796,0.27069004072601144)
(798,1.223533310670455)
(236,1.391028617155303)
(74,2.5110282609217793)
(316,1.3020938509088222)
(730,0.37492090236589243)
(402,2.5966674670455974)
(406,1.01037438898909)
(400,0.9388521633586484)
(612,1.5518792548265752)
(888,0.20676067969084116)
(256,3.3556834431005256)
(462,0.9448183349855838)
(874,0.23584902822629156)
(588,0.9567658028277842)
(764,0.4143774699966576)
(334,0.776958572040067)
(162,1.4901390081816759)
(224,0.43577479299989236)
(726,0.37006683379829625)
(120,0.5475691803054824)
(994,0.2064382162981744)
(616,0.33248981894655055)
(890,1.3442433935823899)
(166,3.700275973788919)
(46,1.9712435402519257)
(608,0.8866259541688604)
(606,0.20221244960659876)
(572,0.8673009701995811)
(172,2.0895244365502723)
(916,0.20242963528145327)
(678,0.4348499839574235)
(190,0.8926712459222724)
(284,1.1093687667606529)
(304,0.8959806788803595)
(674,0.4728217235036321)
(378,0.8867151934668106)
(496,1.0350165328966696)
(662,0.5713420239688829)
(498,2.1717738932260318)
(114,3.0643913271753505)
(306,1.5500356821962618)
(914,0.7682050391221881)
(516,0.5250003761194058)
(176,0.8968330998338836)
(282,2.935258360753231)
(26,1.0682237275282584)
(360,1.1489367061206328)
(830,0.21153348810272132)
(312,0.7176104422019041)
(840,0.6143945765639214)
(52,0.7182941363884997)
(872,0.5197582074437461)
(936,0.3853429565087566)
(298,0.40864781663766747)
(16,2.0243981767119568)
(156,0.8556102015539218)
(158,1.3596148914714385)
(750,0.18363404221447008)
(54,1.208700644336102)
(286,1.1651983750157042)
(456,0.28434341330389445)
(376,1.2998174114137597)
(702,0.21840974724429726)
(294,0.7916061316402345)
(686,0.3754506852409743)
(928,0.20397886854993352)
(64,4.219975622995872)
(188,0.8220321008624604)
(770,0.20665931666817638)
(720,0.7440041098973572)
(362,2.0078137732845054)
(132,1.5036202016234275)
(634,0.31930215078963936)
(380,1.0923191333850895)
(862,0.22274636122459907)
(290,2.4383894975864164)
(70,0.6074420726726172)
(432,0.39396509224204457)
(364,0.412876775222439)
(508,0.9338529414563682)
(640,0.71482421408398)
(500,0.7753992964488985)
(660,1.223533310670455)
(10,1.331967696123761)
(714,0.7538527926308738)
(818,0.4159020092898769)
(562,0.8840360618450768)
(966,0.25476574821523673)
(694,0.43201554626892125)
(280,3.040244151687602)
(922,0.8231848137090553)
(232,2.4315446340642146)
(116,2.0931567885918123)
(240,0.7046643868652883)
(1004,0.2073077227656478)
(260,0.8299644165627379)
(490,1.0175390209140553)
(446,0.833737943298464)
(844,0.2111895704444459)
(42,1.4292907571727083)
(102,0.6347997716701967)
(258,1.1596415745373274)
(314,1.008203011495052)
(900,0.9303610411073573)
(542,0.5887361738634634)
(598,0.47672004163547993)
(488,0.42801129240867003)
(826,0.7074451149291541)
(484,0.6973921054742336)
(550,0.830781260935703)
(534,0.2184932554440785)
(234,1.1119883258921681)
(656,0.503402135051946)
(348,0.29288905885307337)
(356,1.4734760602013115)
(692,0.2079409800534336)
(574,0.2630504091845311)
(1002,0.20078027159691308)
(762,0.21549015764000864)
(340,2.759527502246668)
(930,0.691323268733523)
(130,7.331905685217939)
(744,1.223533310670455)
(582,0.5280428798759152)
(66,0.8089523881188017)
(906,0.29930567870605623)
(860,0.7387261511016645)
(138,1.1364045803715945)
(904,0.20354808950484665)
(170,2.683496711705354)
(952,0.4697651003133943)
(480,1.1517404533843683)
(518,1.8911960053923684)
(530,0.4141307155104235)
(732,1.223533310670455)
(828,0.6645088845045741)
(990,0.6654501223021156)
(926,0.5599194955435987)
(624,0.42070090191090476)
(212,2.793712238234711)
(964,0.30622074687102824)
(288,0.9310440291912889)
(38,0.9613778226064791)
(728,0.7307644976058548)
(330,0.5011748944319145)
(100,1.4201129264987955)
(482,1.3469254484855686)
(644,0.4996725175120409)
(332,0.8126991761991167)
(112,0.8169909243872645)
(676,0.2949192307334849)
(184,2.1756248860368452)
(300,1.2073742490318087)
(632,0.34412581971927325)
(742,0.32570383771532274)
(974,0.3882331557407074)
(544,1.1572477835693107)
(850,0.2315407995706199)
(194,1.349611500789861)
(812,1.222627234598811)
(886,0.23068577223751668)
(532,4.312949179986735)
(126,0.801255113716638)
(118,0.7952108998237105)
(186,0.7218755952325392)
(832,0.7665644103826016)
(846,0.31930215078963936)
(858,0.18363404221447008)
(198,0.7844764078558011)
(658,1.223533310670455)
(738,0.9267246002567664)
(168,1.9581403558249726)
(722,0.29416588359211493)
(898,0.3073849889073239)
(388,0.7878184065393908)
(254,0.8694685558167535)
(296,2.096747871797825)
(630,1.6962968340515787)
(556,0.4017230238324829)
(822,0.6396903226158744)
(82,3.491682828973371)
(476,0.35975995602810895)
(950,1.40331595299052)
(28,2.9733274379251027)
(766,0.28249210779772793)
(866,0.259955289700926)
(222,1.67485923429667)
(894,0.22919534603629932)
(958,0.5890883107145004)
(354,0.4929693763780398)
(110,0.44926244740326987)
(336,0.9924541032385302)
(214,1.5537080697359973)
(472,0.33808948817376844)
(654,1.1768834777323665)
(106,3.97982552960662)
(322,0.7982908436740048)
(414,0.24374674310767477)
(896,0.7072423322740453)
(546,2.211805404090118)
(248,0.7684386073257183)
(852,0.7098301157343619)
(218,1.2927832647512973)
(274,0.8670358594646385)
(942,0.19907827213282447)
(178,1.0346245288596583)
(824,0.21372716682641899)
(760,0.3186187718873761)
(56,1.1498266989688686)
(920,0.19907827213282447)
(704,1.362862576790779)
(566,0.8367923528520872)
(756,0.6489051406165612)
(708,0.6645676825809043)
(182,0.979864529947523)
(394,1.0248673502668206)
(32,1.0886481199411842)
(882,0.2260237818112839)
(206,1.4012291001692532)
(382,0.29743203184788086)
(768,0.5817507152641523)
(44,3.144836517279011)
(88,1.095241864460493)
(618,1.3567815733497008)
(244,0.8333682895491533)
(684,1.223533310670455)
(670,1.223533310670455)
(806,0.3565928706234564)
(440,1.958172263201939)
(876,0.189792803570711)
(526,1.531325036258602)
(502,0.7895198126884885)
(412,1.7414308845838475)
(134,0.9618713349025485)
(970,0.2316414654978871)
(856,1.7685450667905396)
(622,0.21060285171993612)
(80,2.2042102347202293)
(838,0.21153434512286443)
(104,1.1131825589562439)
(352,0.737847143558721)
(510,0.7449831822344676)
(458,1.3387117992225896)
(272,1.3324636812230883)
(396,0.5394071315798182)
(270,0.511678547443024)
(202,0.31789154944345765)
(998,0.19618877692095624)
(278,1.2158990820185236)
(418,0.9422356058829143)
(90,0.8737867215871512)
(868,0.23606149869532905)
(238,1.2374660329649374)
(18,1.3289441108747007)
(20,2.2244664968052192)
(342,1.5109796917509597)
(552,0.9865777254077772)
(268,1.0305281868860792)
(864,0.203009825944089)
(816,0.7141821918881216)
(976,0.4103448101824691)
(718,0.3179234835197176)
(668,0.2057802626603761)
(980,0.34227953464501343)
(568,0.7950942596902303)
(504,1.3498806024615724)
(614,0.5920562292737552)
(424,2.56998464512871)
(666,0.6840736653007891)
(200,1.1341078656210632)
(370,0.6914720839960142)
(578,0.20242324220248875)
(142,2.6845466357119077)
(584,0.29006277530786845)
(908,0.7819270680687967)
(538,0.5136854662340061)
(220,0.575186725680745)
(62,5.330581460896237)
(790,0.18363404221447008)
(972,0.2793635654764652)
(250,1.0865116440345362)
(594,0.29406168120385534)
(264,1.0303753626004486)
(442,0.7604767486138612)
(444,0.7876834911044663)
(710,0.7382770846903135)
(6,2.9243393878144612)
(690,0.5727940583956387)
(620,0.41134105618865935)
(780,0.19413963336433201)
(86,5.138783173267004)
(60,1.4935519845399539)
(308,1.018745330412145)
(328,0.6573686997890366)
(982,0.18363404221447008)
(1000,0.32315471953249597)
(2,2.0992138192845258)
(398,0.2747703747528336)
(570,0.7404209795100309)
(706,0.566361017825643)
(230,0.8223688635973296)
(554,0.5781834351044541)
(800,0.2524396642787438)
(802,0.21393036570472745)
(946,0.20816678835706923)
(638,0.2828297043140554)
(648,1.223533310670455)
(610,0.367226698650713)
(792,0.20173659191622978)
(50,1.0296674903058736)
(262,0.9391127503177672)
(36,1.4118485682773425)
(426,1.594783139185128)
(748,0.7590487675946239)
(416,0.25633604524489084)
(358,1.5589728816275366)
(154,1.1629911055464688)
(746,1.223533310670455)
(924,0.47414253656658967)
(978,0.28600725272487837)
(242,1.006770233136672)
(938,0.24114427471534985)
(716,0.3620751230404752)
(680,0.21264367935843229)
(422,0.8941676102182017)
(596,0.28447317190935906)
(108,1.812836717575497)
(788,0.31930215078963936)
(148,0.574480180683253)
(540,0.38344440912261213)
(564,0.2396639655037326)
(870,0.23584902822629156)
(940,0.2335853259435542)
(486,1.3775415185019253)
(724,0.22698513244460797)
(410,0.3768450979533283)
(276,0.6645230921990951)
(374,0.46581406712794227)
(48,1.6760561061146702)
(128,4.065680227469005)
(560,1.028954243520661)
(210,2.0637844963044425)
(700,1.1335924617770792)
(642,0.6477453228140501)
(468,0.7076048112360307)
(448,1.1287242507181665)
(392,0.7375991476182868)
(604,0.36919638715937136)
(880,0.8209644162282)
(960,0.20574933927838904)
(478,0.9508785814677762)
(776,0.8273588576354108)
(580,1.223533310670455)
(932,1.4383278504769401)
(384,0.5586000758284697)
(68,1.2477994263223635)
(522,0.309877267609583)
(451,2.5002586163423204)
(893,0.21666764737282013)
(315,0.33049529384001075)
(373,0.7049946817956729)
(369,0.3450910324792393)
(667,0.8823824608924085)
(795,0.2080907421010294)
(307,0.4982325536133541)
(11,2.293631446709123)
(303,2.2610784512343027)
(195,1.0310595681422319)
(201,1.329820390344346)
(1,10.028747783288482)
(215,2.512073529501299)
(291,0.7693139574344487)
(623,0.8137967294558529)
(17,1.9106887588458872)
(443,1.2726962446183652)
(535,0.4713173130623828)
(861,0.22143775173678118)
(605,0.4213413749260126)
(755,0.18363404221447008)
(447,1.059003134340917)
(703,1.223533310670455)
(659,1.371072161801786)
(931,0.5778907677549585)
(781,0.25297017996146126)
(21,3.7743575668484297)
(321,1.2417797930721892)
(331,0.781582082071816)
(715,0.35543838882057033)
(367,2.0110761383478657)
(77,0.6129847472318107)
(403,0.6040811578052849)
(577,0.28785999699568937)
(355,1.1368491420406355)
(719,0.60215672885541)
(967,0.3670731022846183)
(283,3.293451104567185)
(429,1.0902420271066717)
(801,0.227206351080999)
(131,1.2019393945012609)
(815,0.5701009226390041)
(347,0.9329451991813565)
(255,1.2302752244426984)
(775,0.20078027159691308)
(799,0.28006796078457674)
(637,1.617160605012833)
(293,0.7348205070905852)
(93,1.6574247967964093)
(489,0.8515895153321509)
(621,0.5109440382667494)
(851,0.4802516048277672)
(515,1.3582622385027063)
(731,1.223533310670455)
(453,0.561463730873244)
(787,0.20850333068558516)
(599,0.2717563868083567)
(547,0.9667189143121652)
(855,0.2864594476535761)
(701,0.2258947985618525)
(363,1.138236675550339)
(929,0.5619592431901625)
(381,0.8957204341817446)
(645,0.38033617475105475)
(81,2.9019986519527015)
(387,0.9044128476318984)
(419,2.176306936082851)
(345,0.8466626798494804)
(711,1.223533310670455)
(649,0.46429353575939747)
(375,1.8981841760227824)
(79,1.3919634784006412)
(885,0.31847611924622)
(263,1.375033903178473)
(835,0.4418393645221412)
(427,1.3915514088782626)
(127,0.552244526775512)
(603,0.20242963528145327)
(275,1.189564236611631)
(541,0.5030911224532272)
(741,0.4499748733833818)
(505,0.6144431618086713)
(581,0.9624441506878025)
(827,0.21609301893121602)
(83,2.378750023430611)
(771,0.40258128878096255)
(919,0.522888348601186)
(251,1.0745785341892198)
(9,1.2151094847494692)
(651,0.5058985958732152)
(735,0.3515619499072978)
(849,2.063726352067943)
(423,0.9696018071301092)
(915,0.2035624431739948)
(467,0.7041732592943251)
(187,1.2223170218729975)
(553,0.47672004163547993)
(397,1.2966568983659845)
(631,1.5302163108910287)
(831,0.20295865013016023)
(243,1.369480576942445)
(95,1.3022795745496802)
(329,2.5210820187949956)
(847,1.0381935551179102)
(379,1.5999496772565316)
(351,1.3893399984126615)
(589,0.5475366217415726)
(863,0.18363404221447008)
(73,1.0218168195221997)
(469,0.8049337536920982)
(665,0.6900393662869672)
(507,0.32289272509826894)
(501,0.6103771379272741)
(181,1.5698330409944818)
(571,0.6374568554228488)
(959,0.20574933927838904)
(869,0.3498778045160562)
(237,0.7809767610026472)
(259,0.937416040602711)
(759,0.20173659191622978)
(987,0.5575990475916452)
(143,1.4452096488047217)
(595,0.20906429510795763)
(579,0.6373931119775044)
(7,1.9503368666733312)
(961,0.20574933927838904)
(389,1.1489295598111264)
(675,1.223533310670455)
(819,0.32404731698027867)
(499,1.5813573742971396)
(695,0.40989233074383097)
(439,0.25498396451897154)
(267,0.8413262240576177)
(491,0.34271059203985377)
(327,1.5010118083529504)
(907,0.8185051528396945)
(193,0.7936862045935117)
(265,1.376906597466568)
(417,1.582538948874182)
(513,1.2740554968877222)
(707,1.345986541994981)
(437,0.9496432052723951)
(937,0.43946823662277973)
(359,0.8815839081842517)
(685,1.0909491403891436)
(111,0.4217012484814855)
(527,0.5568057747939824)
(415,0.5256437644886937)
(683,2.3594326061633666)
(449,0.20242963528145327)
(791,0.4229999652340831)
(279,0.4136405001740714)
(89,1.7630703165730943)
(241,0.7287114799772346)
(597,0.5101664978249076)
(103,1.4893430093606028)
(481,1.181524986992661)
(773,0.31930215078963936)
(269,2.2893535391414312)
(483,1.1970618107006565)
(99,0.8622785630424545)
(905,0.26316045491038875)
(277,0.5639952294901407)
(643,0.6199394397620267)
(53,0.8380656368516837)
(737,0.364115952956256)
(333,3.4739342512222957)
(343,0.7324351215201437)
(613,0.442337937187102)
(845,0.8568728696317248)
(601,1.100651098639799)
(393,1.9996019324782424)
(943,0.18363404221447008)
(33,0.8243531936092569)
(561,0.2258947985618525)
(23,2.1144849053168557)
(763,0.3620751230404752)
(705,0.6042224095613616)
(797,0.3301815993741273)
(69,1.5675947155673295)
(3,1.7265430172262444)
(135,1.1129908175985426)
(935,0.30148226097346836)
(123,0.963443461589794)
(91,1.2249463577419122)
(785,0.28117207931396926)
(271,1.7954504767928139)
(197,1.031333325330719)
(239,0.42470262089556665)
(177,1.4990500268356732)
(119,0.6182936849393355)
(189,2.0684168203147975)
(511,0.7758124591113731)
(867,0.29915381581679606)
(757,1.7178296174397252)
(477,0.5666245289272628)
(557,0.6187303703546625)
(875,0.18363404221447008)
(883,0.5373593736579204)
(121,4.727961334973189)
(653,1.223533310670455)
(925,0.5470172689998919)
(727,0.2601339503882171)
(531,1.3785216400985465)
(923,1.1253270479507331)
(51,2.1371695585419563)
(973,0.18716160484136604)
(219,0.6072026695192425)
(563,0.5556199833425234)
(567,0.4276516029409613)
(285,1.98980723661115)
(385,0.7741315045708441)
(305,1.4586070082547893)
(421,1.6592374541350279)
(911,0.28789901296277176)
(173,1.8614212885447086)
(569,1.384743247267967)
(273,0.8165990472535679)
(629,0.26891691486675734)
(523,1.1301146197538177)
(671,0.7970350565355191)
(689,0.3672049291500859)
(821,0.20086254205826087)
(843,0.3652614636859)
(999,0.20317421631945676)
(43,0.6047115882228754)
(555,0.6063267556545529)
(159,1.0932070013083182)
(663,0.789987187516548)
(301,3.559460676752018)
(857,0.2908926568706167)
(587,0.5627150562500801)
(921,0.47375136569570747)
(839,0.20574933927838904)
(899,0.2048745502709514)
(965,0.19726869692213247)
(117,0.5382175204742751)
(829,0.2575083583506113)
(995,0.18363404221447008)
(27,1.7137393070323756)
(895,0.23171302015741638)
(245,1.4949079447820708)
(559,0.3432858823702256)
(249,2.989209662625336)
(295,1.9017002120970212)
(257,0.5524046423351697)
(335,0.9883933516910666)
(163,1.0967891062975306)
(361,1.4221758421110497)
(749,0.3089403685594372)
(573,0.6604419299284492)
(357,1.3435450005424399)
(487,0.9229377930294634)
(209,1.657645461042189)
(517,0.6666025733060177)
(433,0.8041346655228631)
(129,4.460798055382431)
(733,0.5636375573492055)
(19,2.123862885177614)
(39,1.0491804244944793)
(609,0.387513987765389)
(881,0.20827720104485614)
(751,0.2905452180719964)
(297,0.837130730544034)
(769,0.26479240912096685)
(71,0.7564871897016466)
(723,0.527829659932445)
(641,0.46221334290400157)
(529,1.4441075929600573)
(635,0.33819387823794383)
(171,1.2004596955922309)
(729,0.4276663004441786)
(311,1.1348067145520628)
(473,2.3402034628061075)
(933,0.7355734769126125)
(235,0.6262117409517671)
(399,0.6280727580242732)
(909,0.3242989886974961)
(37,0.8052413128785505)
(185,0.5534130229530096)
(957,0.5696981771217114)
(679,0.7718165710087317)
(247,0.7030975508178835)
(63,2.8334527905164566)
(543,1.0410762326926164)
(203,1.239676359590841)
(309,1.0437180684943774)
(211,3.4706824183902856)
(859,1.5155797951497965)
(981,0.45120152151736026)
(977,1.590494835229299)
(299,0.9154298186270179)
(217,1.0051285318085603)
(539,0.3821374432518248)
(139,1.3234856127618313)
(509,1.8948432754993545)
(721,0.5739912229776873)
(533,2.541842821867783)
(697,0.8602423093848643)
(945,0.5095107616220848)
(681,0.7808755973899848)
(1003,0.20295865013016023)
(59,1.3361936997581514)
(985,0.20874242073347551)
(411,2.165573541184638)
(677,0.22960241059358077)
(113,2.3672509785362585)
(565,0.4376550232462709)
(897,0.2045027184715109)
(165,2.855183510511559)
(809,1.2864965731722)
(525,1.3775145818849481)
(31,1.1823385523613927)
(841,0.4272613886670538)
(413,0.8684983684161685)
(137,2.608285366983188)
(661,1.4255060654665697)
(229,1.072204655100123)
(953,0.48880352567185553)
(783,0.40176652608367586)
(231,1.6587818650753512)
(647,0.45485112814925077)
(29,1.559534163706515)
(633,1.223533310670455)
(551,0.581268340906195)
(191,1.982795351458883)
(161,1.3254234047245075)
(761,0.20629569930951736)
(591,0.3528989884076416)
(57,1.6870469218615751)
(149,0.8678428485027098)
(655,0.8982145345562946)
(963,1.0495454642521653)
(793,0.22388344316325387)
(313,0.6925194572239224)
(463,0.39261227594778375)
(997,0.27139938539933356)
(49,0.8430042921105496)
(435,0.25486685608687365)
(975,0.18716160484136604)
(693,0.28135161079010906)
(109,0.3082794735909079)
(167,1.4440185099476561)
(519,0.3574961856666024)
(115,2.7123669575659313)
(337,1.2076744449430514)
(15,1.5930215833363042)
(441,1.4160124983984093)
(699,0.9870996962169536)
(717,0.6735618917490247)
(401,1.0491306922952963)
(779,0.21706013099681634)
(903,0.31797694468268556)
(585,0.48622864236733426)
(371,2.145869527588605)
(823,0.8408185855986953)
(891,0.23351822361580937)
(227,3.658081056178079)
(889,0.2720367148928911)
(479,1.9404954793560456)
(317,0.6416558593093965)
(813,0.3553578831975236)
(141,2.7362829766714274)
(221,1.6626985833213717)
(223,1.338790969250539)
(461,0.6487161729601923)
(879,0.18363404221447008)
(745,0.3377628513886457)
(575,0.453893894048989)
(805,0.30730124915848667)
(457,0.8540540646085681)
(615,1.237749175189892)
(669,0.4092347298237221)
(917,0.7668551332383736)
(955,0.587718454959092)
(817,0.4381210504917971)
(151,1.3770151004638103)
(101,0.888365059341143)
(593,1.3471889315141479)
(153,0.649590111717954)
(807,0.3319604909577184)
(767,0.30045747075541407)
(319,2.8417980482965355)
(289,0.378817620046654)
(353,1.0024058517073915)
(105,3.4055269064365943)
(125,0.9285313738033352)
(65,1.2407818439574814)
(157,1.8239015605838687)
(35,1.758672350920652)
(383,1.9958467527884618)
(639,1.8348305644703558)
(625,0.30965246144713093)
(611,1.1504656128321107)
(865,0.4168727995133055)
(175,0.37356700005261084)
(459,2.2317895026498764)
(497,0.6073456609232396)
(743,0.3061316165321708)
(941,0.18363404221447008)
(495,1.4645869017305069)
(341,0.42135230661197476)
(887,0.3141104038047003)
(969,0.2542128292987961)
(725,0.4672785020943007)
(339,1.2922075458694708)
(913,0.9137509868805623)
(199,1.2267322464794344)
(145,1.4024278375242782)
(657,0.2140374430738733)
(583,0.2287681844930905)
(41,1.8779301405155406)
(409,1.0374479002390096)
(673,0.35141953486984906)
(253,0.6808217375656698)
(713,0.2461039031448338)
(837,0.35542031790966894)
(971,0.3905195756684884)
(709,0.2512342507622158)
(169,2.6548933472862517)
(261,1.3046408894018535)
(395,1.1636275856930938)
(25,1.2080127658566153)
(545,0.7939658484626456)
(617,0.6226387242343643)
(947,0.4121482134243021)
(213,1.525528397087373)
(471,0.35161251626343076)
(503,0.5834595022267984)
(627,0.43391041617576515)
(833,0.3051861856621696)
(877,0.3733831297574122)
(825,0.7845222303085033)
(67,0.36758473615614756)
(811,0.3150009971059178)
(425,0.6745628717606726)
(85,1.1809809508176439)
(405,2.6224222976491123)
(789,0.5886758490179365)
(871,0.2079409800534336)
(431,0.8879365621297431)
(391,0.6709878739270347)
(87,3.1189673482684537)
(287,0.6795271406561589)
(5,4.533930468036981)
(225,0.8593393184798738)
(13,2.1786921200428955)
(455,1.8127398397542598)
(475,0.22610854053681556)
(619,0.3456475133394533)
(325,0.8796577838663192)
(465,0.4594288293541494)
(323,1.0899096943646822)
(407,0.8776945257401628)
(55,1.0028318051252851)
(927,0.46900165808451494)
(993,0.20349538877427772)
(691,1.223533310670455)
(107,5.01220637391528)
(349,0.7221989979235315)
(765,0.803151752074308)
(607,0.8160221627356669)
(179,1.8012253369606774)
(549,1.4216440650663875)
(939,0.258931301557575)
(75,0.58309311502163)
(983,0.25571121342763087)
(901,0.18363404221447008)
(133,2.283680715968788)
(205,0.9397859713787551)
(445,0.8009738826541303)
(45,1.2473840769050164)
(949,0.6157769472762377)
(873,0.22329429351980554)
(951,0.5388679718292906)
(183,4.28071828685681)
(853,0.19670826395134494)
(61,2.315269143276931)
(687,0.3468282655341107)
(1001,0.3072434778074475)
(47,1.4127215707376322)
(747,0.7494760325171019)
(485,0.8851084938773328)
(989,0.4299576632205614)
(97,0.8867240974882244)
(281,1.2068071814310992)
(753,0.7054618525041031)
(207,0.9519980144264796)
(803,0.5741030456086887)
(521,0.6374590380983711)
(739,0.316799206717779)
(233,1.2210280428533227)
(991,0.2693032476900914)
(537,0.6529880008234802)
(777,0.7365321685438362)
(377,3.408394346462098)
(493,2.335469762584823)
(979,0.21393036570472745)
(365,4.7926846134553385)
(155,1.80551320081669)
(147,0.9606331095270598)
